8
47
43
35
10
6
58
89
48
13
14
3
26
7
13
17
3
41
48
32
64
14
9
2
14
25
9
24
13
8
50
41
37
10
40
125
70
18
23
29
1
19
11
30
21
4
18
5
34
29
40
15
13
31
34
26
14
40
3
14
24
9
56
32
26
35
22
42
35
34
7
3
13
6
46
51
6
11
55
5
28
32
60
27
90
2
1
2
18
14
8
202
4
19
13
14
13
84
15
3
45
121
34
15
39
30
31
9
67
9
41
3
10
9
5
62
8
3
6
38
31
33
56
1
21
32
41
17
35
19
19
23
23
26
24
17
13
28
25
26
19
23
10
24
29
30
25
15
31
16
7
22
22
15
14
17
10
18
22
16
20
17
30
42
40
25
20
44
22
44
30
37
18
26
32
16
46
39
23
26
35
16
10
14
10
16
18
8
22
15
16
22
9
17
18
18
17
20
11
16